2 24 26 6 7 8 9 28
1 11 26 3 8 9 28
11 2 4 5 9
10 11 12 3 30 5
12 13 15 16 17 3 4
1 24 25 26 44 7
1 24 25 26 44 6
1 10 2 26 28 9
1 10 11 2 26 28 3 8
11 12 30 4 8 9
10 12 2 3 30 4 9
10 11 13 15 16 17 30 4 5
12 14 15 16 17 30 32 5
13 30 31 32 33 52 54
12 13 16 17 33 34 35 36 5
12 13 15 17 33 34 35 36 5
12 13 15 16 18 36 38 5
17 19 20 36 38 39
18 20 39
18 19 21 40 41 42
20 23 40 41 42
23 42 77
21 22 77
1 25 26 43 44 59 6 7
24 26 43 44 59 6 7
1 2 24 25 27 28 44 46 6 7 79 8 9
26 28 29 44 45 46 47 48 79
1 2 26 27 29 45 46 47 48 8 9
27 28 30 45 46 47 48 49 50 64 66
10 11 12 13 14 29 32 4 49 50 64 66
14 32 33 50 51 52 54
13 14 30 31 33 52 54
14 15 16 31 32 34 35 36 52 54
15 16 33 35 36 37 53 54 55 68
15 16 33 34 36 37 53 54 55 68
15 16 17 18 33 34 35 38
34 35 38 39 53 54 55 68
17 18 36 37 39
18 19 37 38 56
20 21 41 42 57 58 73
20 21 40 42 57 58 73
20 21 22 40 41 57 58 73
24 25 44 59
24 25 26 27 43 46 59 6 7 79
27 28 29 46 47 48 61
26 27 28 29 44 45 47 48 79
27 28 29 45 46 48 61
27 28 29 45 46 47 49 62 63 64
29 30 48 50 62 63 64 66
29 30 31 49 51 52 64 66
31 50 52 65 66 67 84
14 31 32 33 50 51 53 54 67
34 35 37 52 54 55 67 68
14 31 32 33 34 35 37 52 53 55 68
102 34 35 37 53 54 56 68 69 86
102 39 55 57 68 69 86
40 41 42 56 58 73
40 41 42 57 73 74 75 76
24 25 43 44 60 78 95 96
59 78 79 95 96
45 47
48 49 63 64 80 82 98
48 49 62 64 65 82 83
29 30 48 49 50 62 63 66
51 63 66 67 82 83 84
29 30 49 50 51 64 65 67 84
51 52 53 65 66 84
102 34 35 37 53 54 55 56 69 86
102 103 127 55 56 68 70 86
103 69 71 87
104 70 72 87 88
71 73 74 88 89 90
40 41 42 57 58 72 74 75 76 89 90
58 72 73 75 76 89 90
58 73 74 76 77 90 91 92 93 94
58 73 74 75 77 90 91 92 93 94
22 23 75 76 90 91 92 93 94
59 60 79 80 95 96 97
26 27 44 46 60 78 80 97
62 78 79 81 82 97 98
118 80
62 63 65 80 83 98
100 120 63 65 82 99
100 51 65 66 67 85 86 99
100 101 124 126 84 86 99
100 102 55 56 68 69 84 85 99
104 129 70 71
104 105 130 71 72
105 106 107 72 73 74 90 91
72 73 74 75 76 77 89 91 92 93 94
105 106 107 75 76 77 89 90 92 93 94
107 108 109 110 132 75 76 77 90 91 93 94
109 110 111 75 76 77 90 91 92 94
109 110 111 75 76 77 90 91 92 93
112 113 114 59 60 78 96
112 113 114 115 116 59 60 78 95 97
115 116 117 78 79 80 96
118 119 120 121 122 123 62 80 82
100 120 83 84 85 86
120 122 123 124 125 140 141 155 170 83 84 85 86 99
102 124 125 126 127 142 143 156 85
101 125 126 127 142 143 156 55 56 68 69 86
127 128 69 70
105 129 130 145 71 87 88
104 106 107 130 88 89 91
105 107 108 131 132 133 134 89 91
105 106 108 109 110 132 89 91 92
106 107 109 110 131 132 133 134 92
107 108 110 111 132 92 93 94
107 108 109 111 132 92 93 94
109 110 134 147 93 94
113 114 135 143 162 95 96
112 114 135 136 137 138 148 95 96
112 113 115 135 136 137 138 148 95 96
114 116 137 96 97
115 117 118 139 150 151 96 97
116 118 139 150 151 97
116 117 119 120 121 122 123 139 150 151 81 98
118 120 121 122 123 151 153 98
100 118 119 121 122 123 83 98 99
118 119 120 122 123 151 153 98
100 118 119 120 121 123 124 125 140 141 155 170 98
100 118 119 120 121 122 124 125 140 141 155 170 98
100 101 122 123 125 126 140 141 155 170 85
100 101 102 122 123 124 126 127 140 141 142 143 155 156 170
101 102 124 125 127 142 143 156 85
101 102 103 125 126 128 142 143 156 69
103 127 143 144 159
104 144 145 159 160 173 87
104 105 131 145 146 161 88
106 108 130 132 133 134 145 146 161
106 107 108 109 110 131 133 134 92
106 108 131 132 134 146 147
106 108 111 131 132 133 147
112 113 114 136 137 138 148 162
113 114 135 137 138 139 148 149 163 164 174
113 114 115 135 136 138 148
113 114 135 136 137 139 148 149 163 164 174
116 117 118 136 138 149 150 151 163 164 174
100 122 123 124 125 141 152 153 154 155 168 170 180
100 122 123 124 125 140 155 170
101 102 125 126 127 143 156 158
101 102 125 126 127 128 142 144 156 158 159
128 129 143 145 159 160 173
104 129 130 131 144 146 159 160 161 173
130 131 133 145 147 161
111 133 134 146
112 113 114 135 136 137 138 149 162 163
136 138 139 148 162 163 164 174
116 117 118 139 151 166 176
116 117 118 119 121 139 150 153 166 176
140 153 154 165 166 167 168 177 178 180
119 121 140 151 152 154 168 180
140 152 153 168 169 170 180
100 122 123 124 125 140 141 170 181 182
101 102 125 126 127 142 143 157 171 183
156 158 159 171 172 183 185
142 143 157 159 171 172 185
128 129 143 144 145 157 158 160 173 185 187 195
129 144 145 159 161 173
130 131 145 146 160
112 135 148 149 163
136 138 139 148 149 162 164 174
136 138 139 149 163 174 175 188
152 166 167 177 178 189
150 151 152 165 167 176 177 178
152 165 166 177 178 179
140 152 153 154 169 170 180
154 168 170 180 181 191
100 122 123 124 125 140 141 154 155 168 169 181 182
156 157 158 159 172 183 185
157 158 159 171 173 183 185 187 195
129 144 145 159 160 172 185 187 195
136 138 139 149 163 164 175 188
164 174 176 188 190
150 151 166 175 188 190
152 165 166 167 178 189
152 165 166 167 177 179 189 190 191
167 178 189 190 191
140 152 153 168 169 181 191
155 169 170 180 182 191
155 170 181 183 184 185 186 192 193
156 157 158 159 171 172 182 184 185 186 192 193
182 183 185 186 192 193 194
157 158 159 171 172 173 182 183 184 186 187 192 193 195
182 183 184 185 187 192 193 194 195
159 172 173 185 186 193 194 195
164 174 175 176 190
165 177 178 179 190 191
175 176 178 179 188 189 191
169 178 179 180 181 189 190
182 183 184 185 186 191 194
182 183 184 185 186 187 192 194 195
184 186 187 192 193 195
159 172 173 185 186 187 193 194
