3 4 
5 6 
6 7 
7 25 
7 8 
2 18 
3 19 
20 22 
21 22 23 
22 24 
23 25 
25 26 
26 28 
28 30 
9 31 
10 32 
10 11 33 
11 12 35 
13 35 
13 14 
16 17 
98 100 
37 100 
1 18 38 
18 38 41 
4 19 20 44 
44 46 
20 46 
53 56 
24 27 56 
29 59 60 
28 29 
30 31 
31 70 
32 71 
32 33 
34 71 
33 34 
34 35 76 
14 78 
15 87 
36 87 98 
39 42 
40 41 45 
49 50 
45 47 50 
49 50 51 
47 52 54 
54 57 
57 59 
61 66 
60 61 62 67 
67 68 69 
30 62 69 
70 74 
75 76 77 
77 78 
86 87 88 
43 101 
101 102 
49 51 
52 124 
55 126 
55 58 
63 64 126 
58 64 
66 67 
68 73 
79 80 157 
80 81 
81 83 84 
84 89 
86 88 89 
89 94 
93 94 
94 95 
95 99 
104 105 106 
48 104 105 
105 122 124 
122 123 
124 126 
63 129 
65 130 
72 143 
72 73 
81 82 
84 85 
90 91 
90 93 
91 92 
92 172 
92 97 
96 97 
103 107 
106 113 115 
105 115 117 
125 127 
132 133 
131 133 140 
143 152 
79 156 
80 158 
83 168 169 170 
170 171 
171 174 
171 172 
174 175 
172 173 
175 176 
176 179 
108 109 
108 111 
111 113 114 
114 116 
116 118 
117 120 
121 123 128 
128 135 
128 133 
135 136 138 
139 140 
139 148 
141 142 
148 151 
151 152 
156 157 
158 163 
165 169 
170 183 
177 181 
175 178 
178 180 
178 179 
109 110 
110 189 
112 114 
112 191 
119 197 
146 147 
149 150 
154 159 
153 156 159 163 
163 165 
165 167 168 183 
180 181 
180 
110 186 187 
187 189 
119 198 
134 137 199 
144 145 
137 145 
146 212 
150 215 
154 155 
155 161 
160 161 
162 164 166 221 
166 167 222 
184 185 223 
186 188 
188 190 
191 192 
203 205 
144 200 
205 
210 212 
212 213 
149 212 214 
217 219 
162 220 
166 228 
190 192 
194 195 
200 201 
203 206 
204 206 207 208 
207 208 
210 211 
213 214 
215 218 
217 218 224 225 
225 234 
219 220 224 226 227 
229 232 
227 229 
193 196 
204 208 
202 209 
209 211 
218 234 
230 232 233 
231 233 
228 231 
