24
6
1 7
1 26
2
2 3
3 4 5
5
15
16 17
17 18
18
19 20
20 40
41
21
21
6 24 25
7 26
8 26 28
9
8 9 10
9 11
10 30
4 11 12
12 13
30
13 14 32
31 32
14 33 54
15 33 34
16 35 36
17 36 38
37 38 39
18 19 39
42
23
24 25
43
44
25 44
43
59
26 27
44 46
27 28
46 48
79
45 47 61
45 46 47
47 61
48 62
29
48 49
63 64
29 30
49 50
64 66
50 31
31 52
51 52
52 54
65 83
65 66
84
51 67
52 53 67
53 68
53 54
34 55
35 37
85 86
68 86
55
56
39 56
56 57
40 57
69 102
69 70 103
70 71 87
87
71 104
71 72 88
88
58 73
41 42 58
58 73
72 73 74
89 90
89 91
91 92 93
75 90
74 75 76
76 77
94
93 94
22 42
77
22 23
59 60
60
95
78 79
78 79 80 97
78 96
95
112 113
112 135
135 136 148
113 114
137 138
96 114
114 115 137
96 97
115 116
97 117
116
139 150
117
118
80 81
81 118
62 80 82
98
63 65 82
98
118 119 120
83
84
100
99
99 100 120
151
119 121
121
151 153
121
122 123
100 122
124
124
85 101
152 166
152 153
140 154
140
123 125
141 170
141 155
125 126
101 126
143
142 156
156 157
102 127 143
69 127
103 128
142 143
158
157 158
159 172
128 143 144
159
129 144 145
159 160 173
145 160
104 145
104 129
104 105 130
105 106 107
92 107 109
109
106 108
108 110 132
110 111
131
132 133 134
111 134
133 146 147
131 146

130 145
161
161
148 162
148 149
162 163
136 149
163 174
138 164
164 174
188
175
175
188
139
150
151
166 176
176
190
165 177
178 189
165 167
177 178
178 179
178 179 189
190 191
168 180
180 191
154 168 169 170
169 181
170 181
155 182

171 183
182 183 192
171 185
172 185
159
160
161
183 185
183 184
185
185 187
173 195
186 187
193
194 195
186 193
193 194
184 192
