2 18 38
1 3 18
2 4 19
3 5 19 20 44 46
4 6 21
5 7 23
6 8 25
7 9 26
8 10 31
9 11 32 33
10 12 33 35
11 35 13
12 14 35
13 15 78
14 16 87
15 17 36
16 37
1 2 19 38 41
3 4 20 46 44 18 41
4 21 22 46 19 44
5 23 22 20
20 21 23 24
6 25 21 22
22 25 27 56
7 23 24 26
8 25 28
24 56 28
26 27 29 30
28 30 59 60 62
28 29 31 62 69
9 32 30 70
10 31 33 71
10 11 32 34
71 76 33 35
11 12 13 34 76
16 87 98
17 100
1 18 41 40
40 42
38 41 44 45 43
40 45 19 18
39 43
42 40 101
45 46 20 19 4
44 47 48 40 41
4 19 20 44 47
46 53 45 50 52 54
45 105 104
50 51
51 49 47 45
50 49
47 54 55 124
47 56
55 57 47 52
54 58 52 126
24 27 59 57 53
56 59 58 54
64 57 55
29 60 61 56 57
29 59 61 62 67
59 60 62 66 67
60 61 67 29 30 69
64 126 129
66 65 58 126 63
64 130
64 61 67
60 61 62 68 69 66
67 69 73
30 62 70 67 68
31 71 74 69
70 32 34
131 143 73
72 79 74 68
73 75 70
74 76 77
34 35 75 77
76 75 78
77 86 87 14
73 80 157 156
79 81 157 158
80 84 83 82
81 169
81 84 169 170 168
81 83 85 89
85 170
78 87 88 89
78 86 88 15 36 98
94 89 86 87
84 90 94 88 86
89 93 91
90 92 171 85
91 93 97 172
90 94 96 92
89 88 93 95
94 96 99
95 93 97
96 92 173
36 87 100
100 95
37 98 99
43 102 103
101 104
101 106 107
102 105 48 106
48 124 122 117 115 106
103 104 105 115 113
103 113 108
107 109 111
108 110 186
109 111 189 187 186
110 112 108 113 114
111 114 191
106 115 114 107 111
116 113 111 112
105 117 106 116 113
114 118 115
105 115 120
119 116
118 121 134 198 197
121 117
120 119 134 128 123
123 124 105
122 128 121
52 126 125 122 105
124 127
63 64 55 124
125 128
127 133 136 135 121 123
133 63
132 65
132 133 140 72
130 131 133
132 131 140 129 128
121 119 199 137
128 137 138 136
128 139 138 135
135 138 145 134 199
136 135 137
140 148 136
131 133 141 148 139
142 140 148
141 143
72 142 151 152
145 205 200
137 146 210 144
147 212 145
149 146 148
147 150 151 140 141 139
147 150 212 214
148 149 215
153 152 143 148
143 156 153 151
151 152 154 156 163 159
153 159 155
154 216 161
152 153 159 163 157 158 79
79 80 156 158
163 156 157 80
160 154 153 156 163
159 161
162 160 155 219
161 164 166 221 220
165 164 158 156 153 159
163 162 166 221
169 168 183 167 163 166
165 167 222 228 162 221 164
166 222 165 183 168
165 167 183 169 83 170
82 83 170 168 165
85 171 183 83 169 168
170 91 172 174
92 173 171 175
93 176 172
171 175 177
172 176 174 178
173 175 179
174 178 181
175 177 179 180
176 178 180
179 178 181
182 177 180
183 185 181
182 170 168 165 167 184
183 185 223
184 182 223
109 187 188 110
189 188 186 110
190 187 186
110 187 190
191 189 188 192
112 197 190 192
191 190 194 193
192 194 196
192 193 195
194 196
195 193 201
191 119
199 119 200
134 137 198
198 144 201
200 196 202
201 209
205 206 204
203 206 207 208
144 207 206 203
205 203 207 208 204
205 206 204 208
204 206 207 209
208 202 211
145 212 211
210 213 209
210 146 149 214 213
214 212 211
213 212 149 215
214 150 218
155 217
216 219 224 225 218
217 224 225 215 234
161 217 224 226 227 220
162 227 226 224 219
164 166 162 228 227
223 167 166
184 185 222
219 220 227 226 225 218 217
224 217 219 227 226 218 225
225 232 224 219 220 227
228 221 220 219 224 226 229
166 221 227 231
227 230 232
229 232 233 231
233 230 228
226 229 230 233
234 231 230 232
225 218 233
